4294967279,172
4294967279,325
4294967294,6
4294967278,132
4294967278,131
4294967278,130
4294967278,129
4294967278,128
4294967278,127
4294967278,126
4294967278,125
4294967278,124
4294967278,123
4294967278,122
4294967278,121
4294967278,120
4294967278,119
4294967278,118
4294967278,117
4294967278,116
4294967278,115
4294967278,114
4294967278,113
4294967278,112
4294967278,111
4294967278,110
4294967278,109
4294967278,108
4294967278,107
4294967278,106
4294967278,105
4294967278,104
4294967278,103
4294967278,102
4294967278,101
4294967278,100
4294967278,99
4294967278,98
4294967278,97
4294967278,96
4294967278,95
4294967278,94
4294967278,93
4294967278,92
4294967278,91
4294967278,90
4294967278,89
4294967278,87
4294967278,86
4294967278,85
4294967278,84
4294967278,83
4294967278,0
4294967278,82
4294967278,81
4294967278,80
4294967278,79
4294967278,78
4294967278,77
4294967278,76
4294967278,75
4294967278,74
4294967278,73
4294967278,72
4294967278,71
4294967278,70
4294967278,69
4294967278,68
4294967278,67
4294967278,66
4294967278,65
4294967278,64
4294967278,63
4294967279,90
4294967279,85
4294967279,82
4294967279,79
4294967279,77
4294967279,76
4294967279,73
4294967279,72
4294967279,67
4294967279,64
4294967279,62
4294967279,61
4294967279,56
4294967279,53
4294967279,47
4294967279,45
4294967279,42
4294967279,39
4294967279,38
4294967279,33
4294967279,31
4294967279,30
4294967279,29
4294967279,28
4294967279,24
4294967279,23
4294967279,21
4294967279,14
4294967279,9
4294967279,7
4294967279,6
4294967278,347
4294967278,309
4294967279,525
4294967279,551
4294967279,292
4294967279,524
4294967278,379
4294967278,148
4294967279,36
4294967279,297
4294967278,144
4294967278,140
204,4
204,3
204,2
204,1
4294967279,540
4294967278,139
203,4
203,3
203,2
203,1
4294967278,339
4294967278,133
202,4
202,3
202,2
202,1
4294967279,269
4294967278,276
4294967294,1418
4294967294,972
4294967279,270
4294967278,288
4294967279,282
4294967278,287
201,4
201,3
201,2
201,1
4294967278,378
4294967278,270
4294967278,269
200,4
200,3
200,2
200,1
4294967278,268
4294967278,267
4294967279,262
4294967278,281
4294967279,261
199,4
4294967278,265
199,3
199,2
199,1
4294967278,280
4294967278,301
4294967278,262
4294967279,8
4294967278,263
198,6
4294967278,261
4294967278,336
4294967279,5
4294967279,331
4294967279,4
4294967278,278
198,5
4294967279,294
4294967279,571
198,4
198,3
198,2
198,1
4294967278,256
4294967279,570
4294967279,569
4294967279,568
4294967279,252
4294967278,255
4294967279,293
197,5
4294967279,291
197,4
4294967279,513
197,3
197,2
197,1
4294967279,250
4294967279,243
4294967278,242
4294967279,241
4294967278,240
4294967279,236
4294967279,239
196,5
4294967278,238
196,4
4294967279,237
196,3
196,2
196,1
4294967279,238
4294967278,237
0,5
4294967279,564
4294967279,229
4294967294,7
4294967279,232
4294967279,230
195,5
4294967279,227
4294967279,225
195,4
195,3
195,2
195,1
4294967278,223
4294967279,223
4294967279,221
4294967279,219
4294967279,220
4294967279,217
4294967279,573
4294967279,213
4294967279,536
4294967279,212
4294967279,211
4294967279,210
4294967279,209
193,4
193,3
193,2
193,1
4294967279,208
4294967294,173
4294967294,906
4294967278,207
4294967279,535
4294967293,131
4294967293,130
4294967293,129
4294967293,128
4294967293,127
4294967293,126
4294967293,125
4294967293,124
4294967293,123
4294967293,122
4294967293,121
4294967293,120
4294967293,119
4294967293,118
4294967293,117
4294967293,116
4294967293,115
4294967293,114
4294967293,113
4294967293,112
4294967293,111
4294967293,110
4294967293,109
4294967293,108
4294967293,107
4294967293,106
4294967293,105
4294967293,104
4294967293,103
4294967293,102
4294967293,101
4294967293,100
4294967293,99
4294967293,98
4294967293,97
4294967293,96
4294967293,95
4294967293,94
4294967293,93
4294967293,92
4294967293,91
4294967293,90
4294967293,89
4294967293,87
4294967293,86
4294967293,85
4294967293,84
4294967293,83
4294967293,82
4294967293,81
4294967293,80
4294967293,79
4294967293,78
4294967293,77
4294967293,76
4294967293,75
4294967293,74
4294967293,73
4294967293,72
4294967293,71
4294967293,70
4294967293,69
4294967293,68
4294967293,67
4294967293,66
4294967293,65
4294967293,64
4294967293,63
4294967293,62
4294967293,61
4294967293,60
4294967293,59
4294967293,58
4294967293,57
4294967293,56
4294967293,55
4294967293,54
4294967293,53
4294967293,52
4294967293,51
4294967293,50
4294967293,49
4294967293,48
4294967293,47
4294967293,46
4294967293,45
4294967293,44
4294967293,43
4294967293,42
4294967293,41
4294967293,40
4294967293,39
4294967293,38
4294967293,37
4294967293,36
4294967293,35
4294967293,34
4294967293,33
4294967293,32
4294967293,31
4294967293,30
4294967293,29
4294967293,28
4294967293,27
4294967293,26
4294967293,25
4294967293,24
4294967293,23
4294967293,22
4294967293,21
4294967293,20
4294967293,19
4294967293,18
4294967293,17
4294967293,16
4294967293,15
4294967293,14
4294967293,13
4294967293,12
4294967293,11
4294967293,10
4294967293,9
4294967293,8
4294967293,7
4294967293,6
4294967293,5
4294967293,4
4294967293,3
4294967279,98
4294967279,97
4294967279,96
4294967279,95
4294967278,325
